14 0 1
97 0 1
108 0 1
21 8 1
210 10 1
40 11 1
0 12 1
67 13 1
86 13 1
110 13 1
272 13 1
44 14 1
110 14 1
111 14 1
167 14 1
253 14 1
272 14 1
75 18 1
60 19 1
75 19 1
110 19 1
223 19 1
272 19 1
318 19 1
14 20 1
44 20 1
94 20 1
100 20 1
110 20 1
211 20 1
272 20 1
86 21 1
137 22 1
10 24 1
40 24 1
210 24 1
137 26 1
167 28 1
120 29 1
138 29 1
226 29 1
272 29 1
13 36 1
14 36 1
44 36 1
46 36 1
86 36 1
110 36 1
111 36 1
272 36 1
273 36 1
75 40 1
297 40 1
14 42 1
159 42 1
222 42 1
110 43 1
10 44 1
14 44 1
46 44 1
86 44 1
100 44 1
111 44 1
151 44 1
272 44 1
24 46 1
0 47 1
21 47 1
86 47 1
0 51 1
13 51 1
14 51 1
21 51 1
44 51 1
86 51 1
100 51 1
111 51 1
151 51 1
171 51 1
223 51 1
86 52 1
111 52 1
75 54 1
273 54 1
21 57 1
40 61 1
75 62 1
0 64 1
97 64 1
14 65 1
70 65 1
103 65 1
108 65 1
111 65 1
142 65 1
151 65 1
204 65 1
226 65 1
14 67 1
44 67 1
86 67 1
100 67 1
170 67 1
137 69 1
272 69 1
137 71 1
97 73 1
75 77 1
93 77 1
151 78 1
159 79 1
97 80 1
70 81 1
108 81 1
222 81 1
159 84 1
222 84 1
67 87 1
318 89 1
0 96 1
85 96 1
0 97 1
116 99 1
0 100 1
218 101 1
137 104 1
14 106 1
44 106 1
86 106 1
100 106 1
110 106 1
111 106 1
167 106 1
170 106 1
272 106 1
40 107 1
70 108 1
223 109 1
14 110 1
75 111 1
103 111 1
120 111 1
151 111 1
159 111 1
14 112 1
44 112 1
75 112 1
86 112 1
100 112 1
110 112 1
135 112 1
171 112 1
232 112 1
253 112 1
246 114 1
21 115 1
60 115 1
142 115 1
143 115 1
221 115 1
257 115 1
299 115 1
21 116 1
14 118 1
126 121 1
326 123 1
40 127 1
159 127 1
75 129 1
157 129 1
218 129 1
21 133 1
40 135 1
223 135 1
211 141 1
111 142 1
151 142 1
153 142 1
21 143 1
297 143 1
40 144 1
210 147 1
75 149 1
159 150 1
318 150 1
0 152 1
85 152 1
96 152 1
125 155 1
13 157 1
14 157 1
21 157 1
44 157 1
86 157 1
100 157 1
110 157 1
272 157 1
0 171 1
75 171 1
97 171 1
70 174 1
40 177 1
159 177 1
100 182 1
159 182 1
230 183 1
21 186 1
109 186 1
220 186 1
223 186 1
40 187 1
297 191 1
159 193 1
110 197 1
135 197 1
257 197 1
116 201 1
126 202 1
40 208 1
210 209 1
220 209 1
86 210 1
302 210 1
137 211 1
70 212 1
24 214 1
86 215 1
218 215 1
40 217 1
33 221 1
70 221 1
120 221 1
142 221 1
273 221 1
221 226 1
0 227 1
97 227 1
40 228 1
137 228 1
40 233 1
116 233 1
218 234 1
275 234 1
137 238 1
103 239 1
111 239 1
151 239 1
21 240 1
110 240 1
49 244 1
75 244 1
125 244 1
137 244 1
157 244 1
223 244 1
14 247 1
103 247 1
111 247 1
142 247 1
151 247 1
153 247 1
33 249 1
221 252 1
61 254 1
94 254 1
135 254 1
223 254 1
288 254 1
14 259 1
44 259 1
0 260 1
14 260 1
97 260 1
100 260 1
108 260 1
175 260 1
204 260 1
110 265 1
49 267 1
75 267 1
13 269 1
14 269 1
109 269 1
111 269 1
151 269 1
223 269 1
110 270 1
137 270 1
13 272 1
44 272 1
70 272 1
223 274 1
33 277 1
97 277 1
211 278 1
315 279 1
40 281 1
13 284 1
96 291 1
75 294 1
223 294 1
328 294 1
103 295 1
111 295 1
151 295 1
75 297 1
93 297 1
116 297 1
14 303 1
21 303 1
86 303 1
100 303 1
14 304 1
111 304 1
14 312 1
170 312 1
108 318 1
137 318 1
326 318 1
318 320 1
137 327 1
223 328 1
137 329 1
223 331 1
108 336 1
287 344 1
101 345 1
75 353 1
40 354 1
49 354 1
75 354 1
137 354 1
146 354 1
198 354 1
75 362 1
40 364 1
40 365 1
75 366 1
40 367 1
297 371 1
70 372 1
120 372 1
142 372 1
159 372 1
255 373 1
220 374 1
159 375 1
21 376 1
96 378 1
13 390 1
21 390 1
46 390 1
138 390 1
167 390 1
211 390 1
226 390 1
232 390 1
272 390 1
315 390 1
287 392 1
0 394 1
10 394 1
97 394 1
100 394 1
137 408 1
170 410 1
64 414 1
65 414 1
108 415 1
101 420 1
211 420 1
218 420 1
40 422 1
67 432 1
170 432 1
111 433 1
151 433 1
75 436 1
116 436 1
146 436 1
198 436 1
70 437 1
108 438 1
0 452 1
75 452 1
116 460 1
213 460 1
21 461 1
86 461 1
96 462 1
211 468 1
318 468 1
323 468 1
159 472 1
86 477 1
318 478 1
222 481 1
318 481 1
323 481 1
110 489 1
103 494 1
111 494 1
151 494 1
153 494 1
67 498 1
170 498 1
109 499 1
223 499 1
103 500 1
170 500 1
13 503 1
14 503 1
44 503 1
100 503 1
110 503 1
111 503 1
256 503 1
272 503 1
159 507 1
167 509 1
108 511 1
21 512 1
10 513 1
103 513 1
111 513 1
116 513 1
210 513 1
211 513 1
223 513 1
246 513 1
300 514 1
94 516 1
96 516 1
135 516 1
96 517 1
302 519 1
0 523 1
75 523 1
159 525 1
14 526 1
40 530 1
0 531 1
318 532 1
290 536 1
10 538 1
75 538 1
86 538 1
100 538 1
210 538 1
218 538 1
210 540 1
297 540 1
96 542 1
318 542 1
159 543 1
116 544 1
40 546 1
70 547 1
108 547 1
120 547 1
142 547 1
86 551 1
116 551 1
121 551 1
135 551 1
223 551 1
96 553 1
137 553 1
70 558 1
86 558 1
110 558 1
40 559 1
97 559 1
33 564 1
159 564 1
0 568 1
70 568 1
120 568 1
142 568 1
137 573 1
218 574 1
137 576 1
101 579 1
302 580 1
100 581 1
21 583 1
138 583 1
137 586 1
75 589 1
257 601 1
137 603 1
0 605 1
97 605 1
70 609 1
103 609 1
111 609 1
142 609 1
151 609 1
40 611 1
170 611 1
218 611 1
75 622 1
93 622 1
110 623 1
318 624 1
273 629 1
40 637 1
70 640 1
222 640 1
137 641 1
223 647 1
175 648 1
75 649 1
18 665 1
318 665 1
300 668 1
223 669 1
44 670 1
101 670 1
126 670 1
202 670 1
296 670 1
287 671 1
137 672 1
220 672 1
221 672 1
297 672 1
175 673 1
218 673 1
273 673 1
108 674 1
210 676 1
137 680 1
222 687 1
318 687 1
323 687 1
299 688 1
0 692 1
195 694 1
142 700 1
103 704 1
137 704 1
103 705 1
151 705 1
75 712 1
159 712 1
137 719 1
60 720 1
70 720 1
75 720 1
108 720 1
21 722 1
140 723 1
223 724 1
246 728 1
297 729 1
211 731 1
93 733 1
159 733 1
297 733 1
86 734 1
70 738 1
103 738 1
108 738 1
151 738 1
219 744 1
86 746 1
300 747 1
222 749 1
0 751 1
86 751 1
110 751 1
167 751 1
302 751 1
13 768 1
213 768 1
272 768 1
75 773 1
151 775 1
326 775 1
60 778 1
213 779 1
40 781 1
137 789 1
216 793 1
13 802 1
46 802 1
60 802 1
86 802 1
110 802 1
135 802 1
142 802 1
14 806 1
100 806 1
315 806 1
137 809 1
210 815 1
21 824 1
67 824 1
75 824 1
86 824 1
109 824 1
170 824 1
40 827 1
13 835 1
93 835 1
272 835 1
21 839 1
86 839 1
111 839 1
60 840 1
67 840 1
151 840 1
170 840 1
75 841 1
216 841 1
221 841 1
75 844 1
70 848 1
61 851 1
157 851 1
218 851 1
288 851 1
315 851 1
60 852 1
221 852 1
33 855 1
273 855 1
49 860 1
170 860 1
97 861 1
137 867 1
64 877 1
85 878 1
137 878 1
222 885 1
318 885 1
300 887 1
116 889 1
246 889 1
40 891 1
218 891 1
75 892 1
142 892 1
218 892 1
221 892 1
257 892 1
33 893 1
218 893 1
0 903 1
97 903 1
171 903 1
135 904 1
318 904 1
70 908 1
120 908 1
142 908 1
75 912 1
0 916 1
13 916 1
14 916 1
21 916 1
60 916 1
70 916 1
86 916 1
138 916 1
221 916 1
96 918 1
16 920 1
40 920 1
60 920 1
86 920 1
116 922 1
302 922 1
318 922 1
223 929 1
0 930 1
97 930 1
120 930 1
315 930 1
10 934 1
210 934 1
232 934 1
18 937 1
67 937 1
103 940 1
111 940 1
103 941 1
159 943 1
175 950 1
223 950 1
18 953 1
67 953 1
0 954 1
60 954 1
108 954 1
221 954 1
10 956 1
14 956 1
44 956 1
46 956 1
86 956 1
100 956 1
111 956 1
151 956 1
272 956 1
49 958 1
86 961 1
218 961 1
136 962 1
137 965 1
40 970 1
211 970 1
221 970 1
137 974 1
151 975 1
137 977 1
0 989 1
97 989 1
222 994 1
40 995 1
75 995 1
120 995 1
295 995 1
318 997 1
0 999 1
14 999 1
86 999 1
97 999 1
103 999 1
111 999 1
151 999 1
167 999 1
226 999 1
171 1000 1
70 1007 1
137 1010 1
103 1013 1
75 1015 1
223 1015 1
120 1018 1
295 1018 1
137 1019 1
21 1027 1
86 1027 1
111 1027 1
108 1028 1
70 1030 1
108 1030 1
61 1032 1
223 1034 1
21 1038 1
159 1041 1
96 1042 1
0 1046 1
97 1046 1
120 1046 1
171 1046 1
94 1050 1
103 1050 1
211 1050 1
70 1052 1
86 1052 1
120 1052 1
167 1052 1
0 1054 1
171 1054 1
103 1059 1
151 1059 1
96 1060 1
171 1062 1
300 1066 1
198 1067 1
0 1068 1
40 1069 1
157 1069 1
218 1069 1
75 1070 1
159 1070 1
226 1070 1
137 1071 1
218 1071 1
221 1072 1
33 1075 1
97 1075 1
44 1084 1
100 1084 1
138 1084 1
33 1091 1
40 1091 1
273 1091 1
14 1093 1
70 1093 1
103 1093 1
108 1093 1
111 1093 1
142 1093 1
151 1093 1
204 1093 1
226 1093 1
40 1096 1
60 1098 1
67 1098 1
151 1098 1
170 1098 1
297 1102 1
220 1103 1
157 1104 1
64 1111 1
94 1111 1
159 1118 1
0 1124 1
70 1126 1
103 1126 1
151 1126 1
222 1131 1
318 1131 1
222 1134 1
40 1135 1
40 1136 1
75 1138 1
223 1138 1
300 1138 1
213 1139 1
326 1139 1
272 1140 1
125 1141 1
221 1141 1
40 1144 1
67 1145 1
170 1145 1
97 1157 1
0 1162 1
75 1162 1
97 1162 1
103 1162 1
111 1162 1
151 1162 1
171 1162 1
40 1168 1
223 1174 1
137 1179 1
210 1182 1
220 1182 1
123 1185 1
96 1186 1
297 1188 1
60 1195 1
120 1195 1
211 1195 1
221 1195 1
213 1203 1
40 1205 1
103 1205 1
64 1207 1
94 1207 1
64 1216 1
137 1216 1
278 1216 1
13 1220 1
14 1220 1
21 1220 1
44 1220 1
46 1220 1
100 1220 1
151 1220 1
157 1220 1
272 1220 1
49 1226 1
60 1228 1
70 1228 1
123 1228 1
221 1228 1
75 1229 1
159 1229 1
170 1231 1
21 1235 1
40 1236 1
10 1237 1
210 1237 1
49 1239 1
75 1239 1
137 1242 1
61 1249 1
288 1249 1
315 1249 1
14 1250 1
44 1250 1
60 1250 1
86 1250 1
94 1250 1
103 1250 1
111 1250 1
138 1250 1
142 1250 1
151 1250 1
153 1250 1
170 1250 1
226 1250 1
275 1250 1
110 1254 1
0 1255 1
97 1255 1
126 1258 1
223 1258 1
297 1263 1
272 1264 1
0 1265 1
156 1265 1
75 1266 1
103 1266 1
111 1266 1
120 1266 1
151 1266 1
159 1266 1
116 1268 1
110 1272 1
272 1272 1
49 1273 1
75 1273 1
125 1273 1
137 1273 1
157 1273 1
223 1273 1
159 1279 1
297 1292 1
221 1295 1
109 1296 1
121 1296 1
204 1296 1
223 1296 1
85 1297 1
110 1297 1
137 1298 1
297 1298 1
297 1301 1
318 1305 1
323 1305 1
103 1308 1
151 1308 1
137 1309 1
40 1310 1
67 1313 1
93 1313 1
170 1313 1
21 1314 1
218 1318 1
202 1319 1
40 1320 1
223 1323 1
275 1323 1
75 1326 1
137 1326 1
159 1326 1
111 1328 1
151 1328 1
75 1333 1
85 1333 1
103 1333 1
111 1333 1
40 1334 1
301 1336 1
297 1342 1
110 1343 1
137 1345 1
75 1346 1
223 1346 1
125 1355 1
0 1357 1
111 1357 1
151 1357 1
13 1358 1
157 1363 1
218 1363 1
14 1365 1
218 1365 1
222 1365 1
75 1366 1
297 1366 1
49 1368 1
75 1368 1
300 1369 1
75 1370 1
223 1371 1
0 1372 1
97 1372 1
120 1372 1
315 1372 1
219 1374 1
0 1375 1
86 1375 1
100 1375 1
234 1375 1
253 1375 1
156 1377 1
44 1379 1
70 1379 1
103 1379 1
142 1379 1
151 1379 1
226 1379 1
40 1385 1
135 1387 1
318 1387 1
40 1388 1
222 1388 1
93 1394 1
21 1397 1
137 1398 1
75 1403 1
297 1403 1
40 1405 1
137 1405 1
14 1406 1
110 1406 1
75 1408 1
137 1408 1
0 1410 1
97 1410 1
135 1412 1
211 1412 1
223 1412 1
110 1413 1
221 1414 1
222 1415 1
108 1420 1
297 1420 1
40 1423 1
96 1424 1
222 1424 1
86 1432 1
218 1432 1
86 1444 1
116 1444 1
157 1444 1
159 1444 1
103 1451 1
40 1458 1
14 1460 1
21 1460 1
100 1460 1
75 1461 1
96 1464 1
142 1465 1
230 1467 1
103 1468 1
40 1473 1
49 1473 1
75 1473 1
137 1473 1
146 1473 1
198 1473 1
67 1476 1
170 1476 1
94 1479 1
120 1480 1
297 1480 1
103 1489 1
218 1490 1
218 1492 1
318 1499 1
126 1506 1
75 1510 1
134 1510 1
159 1510 1
220 1510 1
40 1511 1
14 1512 1
118 1512 1
120 1512 1
297 1513 1
40 1516 1
96 1516 1
109 1517 1
223 1517 1
222 1526 1
318 1526 1
103 1527 1
13 1528 1
96 1528 1
170 1528 1
0 1529 1
97 1529 1
94 1530 1
111 1530 1
142 1530 1
151 1530 1
153 1530 1
171 1530 1
218 1530 1
85 1531 1
40 1537 1
318 1539 1
198 1541 1
14 1544 1
44 1544 1
135 1545 1
40 1547 1
222 1547 1
75 1548 1
171 1548 1
93 1550 1
120 1557 1
13 1560 1
46 1560 1
60 1560 1
86 1560 1
110 1560 1
135 1560 1
142 1560 1
222 1562 1
272 1562 1
323 1562 1
103 1563 1
151 1563 1
223 1566 1
40 1568 1
137 1577 1
10 1581 1
210 1581 1
218 1581 1
0 1582 1
97 1582 1
40 1583 1
70 1583 1
108 1583 1
146 1584 1
167 1584 1
198 1584 1
294 1584 1
67 1585 1
93 1585 1
170 1585 1
137 1586 1
24 1587 1
40 1591 1
137 1591 1
213 1592 1
326 1592 1
223 1595 1
223 1601 1
86 1603 1
222 1603 1
318 1603 1
218 1607 1
167 1621 1
18 1623 1
159 1635 1
40 1637 1
70 1643 1
108 1643 1
120 1643 1
142 1643 1
137 1647 1
297 1647 1
40 1649 1
21 1651 1
75 1651 1
220 1651 1
94 1656 1
60 1662 1
103 1662 1
108 1662 1
111 1662 1
151 1662 1
221 1662 1
40 1663 1
96 1663 1
221 1668 1
97 1670 1
13 1671 1
14 1671 1
21 1671 1
44 1671 1
46 1671 1
100 1671 1
151 1671 1
157 1671 1
272 1671 1
70 1673 1
101 1673 1
108 1673 1
216 1673 1
75 1675 1
159 1675 1
226 1675 1
137 1679 1
159 1679 1
67 1690 1
101 1690 1
116 1690 1
21 1691 1
138 1691 1
75 1693 1
136 1694 1
210 1695 1
10 1697 1
33 1697 1
46 1697 1
142 1697 1
210 1697 1
218 1697 1
273 1697 1
44 1698 1
100 1698 1
110 1698 1
210 1698 1
220 1698 1
253 1698 1
256 1698 1
272 1698 1
222 1701 1
318 1701 1
14 1708 1
223 1708 1
223 1713 1
157 1715 1
301 1722 1
108 1728 1
218 1730 1
167 1731 1
103 1733 1
159 1735 1
318 1736 1
137 1750 1
16 1753 1
40 1753 1
60 1753 1
86 1753 1
40 1756 1
75 1761 1
220 1761 1
33 1762 1
110 1762 1
218 1762 1
249 1762 1
273 1762 1
315 1762 1
0 1763 1
40 1763 1
136 1763 1
100 1764 1
257 1768 1
14 1772 1
44 1772 1
60 1772 1
86 1772 1
94 1772 1
103 1772 1
111 1772 1
138 1772 1
142 1772 1
151 1772 1
153 1772 1
170 1772 1
226 1772 1
275 1772 1
318 1775 1
103 1776 1
151 1776 1
301 1777 1
159 1778 1
21 1779 1
67 1779 1
86 1779 1
94 1779 1
109 1779 1
221 1779 1
0 1780 1
97 1780 1
0 1781 1
97 1781 1
108 1781 1
96 1783 1
220 1783 1
109 1787 1
157 1787 1
223 1787 1
59 1794 1
101 1794 1
222 1794 1
318 1794 1
49 1808 1
75 1808 1
135 1810 1
70 1816 1
110 1817 1
223 1817 1
75 1818 1
86 1818 1
213 1820 1
0 1823 1
97 1823 1
111 1823 1
138 1823 1
151 1823 1
75 1825 1
297 1829 1
137 1832 1
230 1833 1
96 1836 1
49 1846 1
67 1848 1
170 1848 1
40 1852 1
75 1859 1
14 1860 1
10 1877 1
33 1877 1
46 1877 1
142 1877 1
210 1877 1
218 1877 1
273 1877 1
0 1879 1
151 1879 1
137 1880 1
96 1884 1
40 1890 1
40 1892 1
125 1897 1
40 1899 1
61 1903 1
157 1905 1
110 1907 1
275 1907 1
0 1910 1
14 1910 1
44 1910 1
86 1910 1
100 1910 1
110 1910 1
272 1910 1
318 1910 1
297 1914 1
151 1919 1
326 1919 1
70 1921 1
94 1921 1
142 1921 1
170 1921 1
103 1923 1
61 1927 1
218 1927 1
318 1928 1
297 1936 1
137 1937 1
97 1939 1
143 1939 1
202 1939 1
249 1939 1
40 1942 1
4 1951 1
275 1951 1
0 1956 1
14 1956 1
86 1956 1
97 1956 1
103 1956 1
111 1956 1
151 1956 1
167 1956 1
226 1956 1
210 1957 1
97 1958 1
49 1960 1
170 1960 1
116 1961 1
223 1961 1
328 1961 1
75 1964 1
75 1965 1
146 1965 1
198 1965 1
294 1965 1
210 1969 1
220 1969 1
223 1974 1
75 1978 1
93 1979 1
156 1979 1
0 1982 1
93 1982 1
159 1985 1
198 1985 1
223 1985 1
300 1985 1
61 1986 1
157 1986 1
315 1986 1
211 1990 1
40 1991 1
297 1991 1
40 1997 1
137 1998 1
75 2001 1
10 2003 1
33 2003 1
44 2003 1
110 2003 1
272 2003 1
273 2003 1
210 2004 1
222 2005 1
75 2009 1
157 2010 1
0 2011 1
49 2011 1
97 2011 1
171 2011 1
33 2012 1
116 2012 1
218 2012 1
273 2012 1
302 2012 1
275 2019 1
86 2021 1
103 2021 1
151 2021 1
300 2023 1
137 2028 1
273 2029 1
159 2033 1
244 2033 1
255 2036 1
33 2041 1
137 2043 1
108 2045 1
110 2046 1
103 2048 1
103 2049 1
151 2049 1
0 2050 1
75 2050 1
97 2050 1
171 2050 1
14 2051 1
70 2051 1
97 2052 1
138 2052 1
175 2052 1
228 2052 1
257 2052 1
275 2052 1
120 2054 1
297 2054 1
40 2059 1
159 2059 1
300 2062 1
103 2066 1
40 2073 1
211 2073 1
137 2075 1
159 2075 1
326 2082 1
21 2085 1
120 2085 1
116 2087 1
223 2087 1
21 2092 1
67 2092 1
170 2092 1
318 2093 1
300 2094 1
110 2095 1
272 2095 1
221 2096 1
151 2099 1
137 2104 1
60 2106 1
120 2106 1
211 2106 1
221 2106 1
103 2110 1
70 2111 1
108 2111 1
60 2116 1
86 2116 1
135 2116 1
142 2116 1
21 2117 1
67 2117 1
170 2117 1
75 2119 1
85 2119 1
103 2119 1
111 2119 1
223 2121 1
328 2121 1
318 2123 1
14 2125 1
100 2125 1
315 2125 1
10 2131 1
67 2131 1
86 2131 1
116 2131 1
170 2131 1
210 2131 1
246 2131 1
302 2131 1
0 2134 1
70 2134 1
120 2134 1
142 2134 1
40 2140 1
0 2141 1
97 2141 1
211 2141 1
222 2141 1
14 2143 1
135 2143 1
301 2143 1
0 2149 1
49 2149 1
97 2149 1
171 2149 1
96 2154 1
44 2155 1
218 2155 1
137 2156 1
18 2158 1
318 2158 1
109 2166 1
96 2167 1
159 2171 1
222 2171 1
67 2174 1
93 2174 1
110 2174 1
222 2175 1
318 2175 1
40 2182 1
75 2186 1
146 2186 1
211 2186 1
75 2187 1
84 2188 1
86 2188 1
287 2188 1
301 2188 1
211 2195 1
40 2197 1
210 2205 1
21 2206 1
75 2206 1
220 2206 1
171 2207 1
125 2224 1
103 2225 1
151 2225 1
213 2225 1
40 2230 1
101 2232 1
159 2238 1
222 2241 1
318 2241 1
323 2241 1
211 2244 1
86 2248 1
103 2251 1
170 2252 1
297 2252 1
326 2253 1
75 2254 1
146 2254 1
294 2254 1
0 2258 1
97 2258 1
138 2258 1
171 2258 1
100 2260 1
94 2261 1
230 2262 1
93 2266 1
326 2266 1
64 2270 1
67 2270 1
170 2270 1
40 2271 1
218 2272 1
223 2282 1
297 2282 1
222 2289 1
318 2289 1
137 2291 1
40 2292 1
70 2296 1
108 2296 1
40 2298 1
103 2301 1
219 2302 1
10 2305 1
210 2305 1
14 2307 1
110 2307 1
75 2310 1
273 2310 1
318 2314 1
70 2316 1
86 2321 1
110 2321 1
116 2321 1
246 2321 1
302 2321 1
157 2322 1
318 2324 1
221 2325 1
103 2328 1
157 2330 1
159 2332 1
14 2338 1
21 2338 1
44 2338 1
97 2338 1
111 2338 1
151 2338 1
171 2338 1
103 2342 1
0 2345 1
103 2345 1
111 2345 1
151 2345 1
153 2345 1
171 2345 1
33 2353 1
156 2354 1
111 2355 1
151 2355 1
170 2355 1
218 2355 1
226 2355 1
49 2357 1
75 2357 1
96 2358 1
136 2358 1
278 2360 1
111 2364 1
223 2365 1
328 2365 1
218 2366 1
223 2369 1
204 2372 1
318 2374 1
10 2382 1
210 2382 1
218 2382 1
103 2388 1
111 2388 1
151 2388 1
153 2388 1
0 2389 1
14 2389 1
44 2389 1
86 2389 1
97 2389 1
103 2389 1
111 2389 1
138 2389 1
151 2389 1
167 2389 1
171 2389 1
108 2391 1
18 2393 1
318 2393 1
0 2397 1
97 2397 1
18 2399 1
222 2404 1
318 2404 1
40 2407 1
44 2407 1
226 2407 1
96 2409 1
18 2411 1
57 2411 1
222 2411 1
318 2411 1
0 2414 1
100 2414 1
40 2416 1
40 2421 1
159 2421 1
86 2422 1
103 2422 1
151 2422 1
137 2429 1
40 2430 1
159 2435 1
21 2438 1
109 2438 1
110 2438 1
159 2438 1
257 2438 1
301 2438 1
40 2444 1
137 2453 1
116 2455 1
302 2455 1
201 2460 1
278 2460 1
0 2464 1
137 2468 1
157 2469 1
218 2469 1
137 2474 1
213 2475 1
110 2483 1
110 2490 1
70 2500 1
108 2500 1
135 2500 1
40 2504 1
126 2505 1
70 2510 1
108 2510 1
159 2512 1
137 2517 1
75 2518 1
103 2519 1
111 2519 1
151 2519 1
70 2523 1
86 2523 1
103 2523 1
108 2523 1
137 2523 1
142 2523 1
151 2523 1
210 2523 1
18 2527 1
222 2527 1
318 2527 1
14 2529 1
94 2534 1
230 2536 1
116 2539 1
0 2541 1
75 2541 1
221 2543 1
297 2545 1
218 2546 1
151 2549 1
159 2549 1
211 2552 1
70 2553 1
222 2553 1
40 2556 1
108 2557 1
0 2568 1
171 2568 1
297 2569 1
116 2574 1
246 2574 1
70 2577 1
86 2577 1
103 2577 1
108 2577 1
137 2577 1
142 2577 1
151 2577 1
210 2577 1
33 2578 1
108 2578 1
137 2578 1
273 2578 1
210 2582 1
297 2582 1
137 2585 1
111 2586 1
151 2586 1
153 2586 1
75 2590 1
40 2591 1
75 2591 1
121 2591 1
204 2591 1
287 2591 1
297 2591 1
86 2595 1
100 2595 1
142 2595 1
272 2595 1
0 2600 1
21 2602 1
103 2604 1
40 2612 1
44 2612 1
226 2612 1
40 2613 1
75 2622 1
210 2623 1
318 2627 1
40 2632 1
40 2634 1
61 2638 1
10 2644 1
116 2644 1
210 2644 1
21 2646 1
67 2646 1
86 2646 1
116 2646 1
170 2646 1
210 2646 1
175 2650 1
109 2657 1
137 2657 1
223 2657 1
70 2661 1
108 2661 1
120 2661 1
295 2661 1
222 2664 1
318 2664 1
323 2664 1
67 2666 1
211 2666 1
221 2666 1
111 2667 1
175 2674 1
116 2679 1
49 2680 1
60 2680 1
75 2680 1
170 2680 1
210 2680 1
257 2680 1
291 2680 1
297 2680 1
21 2685 1
297 2685 1
135 2687 1
211 2687 1
223 2687 1
300 2687 1
137 2689 1
315 2689 1
103 2690 1
125 2693 1
60 2695 1
221 2695 1
75 2696 1
86 2698 1
218 2698 1
103 2701 1
137 2704 1
223 2705 1
328 2705 1
40 2706 1
103 2708 1
75 2711 1
318 2712 1
110 2714 1
60 2717 1
100 2724 1
111 2731 1
151 2731 1
40 2732 1
44 2732 1
226 2732 1
221 2735 1
46 2737 1
67 2737 1
75 2737 1
222 2737 1
93 2744 1
137 2744 1
40 2746 1
159 2746 1
125 2750 1
10 2752 1
67 2752 1
110 2752 1
170 2752 1
211 2752 1
272 2752 1
10 2756 1
96 2757 1
222 2758 1
0 2762 1
120 2762 1
137 2763 1
60 2764 1
221 2764 1
0 2766 1
116 2766 1
40 2767 1
297 2767 1
138 2769 1
109 2773 1
136 2773 1
223 2773 1
44 2785 1
70 2787 1
86 2787 1
110 2787 1
61 2788 1
94 2788 1
135 2788 1
223 2788 1
288 2788 1
103 2794 1
151 2794 1
93 2795 1
40 2800 1
21 2802 1
14 2804 1
137 2806 1
211 2809 1
40 2816 1
211 2816 1
221 2816 1
40 2825 1
137 2827 1
159 2829 1
223 2832 1
137 2835 1
137 2836 1
10 2837 1
195 2837 1
103 2842 1
151 2842 1
33 2845 1
70 2845 1
120 2845 1
142 2845 1
273 2845 1
21 2854 1
86 2854 1
100 2854 1
64 2856 1
67 2856 1
170 2856 1
75 2858 1
40 2862 1
297 2862 1
40 2870 1
75 2871 1
111 2873 1
151 2873 1
255 2874 1
46 2876 1
222 2876 1
40 2877 1
18 2878 1
40 2880 1
201 2880 1
211 2880 1
223 2881 1
18 2884 1
14 2885 1
272 2885 1
33 2888 1
273 2888 1
13 2889 1
93 2889 1
272 2889 1
326 2892 1
100 2895 1
272 2895 1
40 2898 1
159 2901 1
318 2901 1
40 2904 1
297 2904 1
75 2906 1
171 2906 1
204 2908 1
40 2911 1
123 2912 1
14 2921 1
44 2921 1
75 2921 1
86 2921 1
100 2921 1
110 2921 1
135 2921 1
171 2921 1
232 2921 1
253 2921 1
0 2926 1
86 2926 1
97 2926 1
103 2926 1
221 2926 1
40 2928 1
75 2929 1
14 2931 1
159 2931 1
318 2931 1
57 2933 1
146 2933 1
216 2933 1
40 2937 1
210 2937 1
159 2941 1
61 2945 1
288 2945 1
315 2945 1
137 2946 1
326 2949 1
96 2951 1
137 2952 1
60 2954 1
103 2962 1
230 2969 1
137 2970 1
213 2971 1
210 2972 1
59 2975 1
101 2975 1
222 2975 1
318 2975 1
67 2976 1
75 2976 1
222 2976 1
323 2976 1
0 2978 1
137 2981 1
159 2981 1
60 2983 1
223 2988 1
18 2990 1
222 2995 1
318 2995 1
323 2995 1
21 2998 1
40 2998 1
103 2998 1
120 2998 1
151 2998 1
226 2998 1
257 2998 1
86 2999 1
300 3003 1
198 3004 1
109 3006 1
223 3006 1
222 3007 1
110 3008 1
135 3008 1
222 3008 1
210 3015 1
157 3019 1
108 3026 1
159 3028 1
137 3029 1
110 3032 1
75 3034 1
198 3036 1
223 3036 1
135 3037 1
40 3047 1
221 3051 1
297 3054 1
40 3057 1
159 3057 1
300 3057 1
111 3059 1
151 3059 1
159 3060 1
211 3065 1
100 3068 1
213 3068 1
137 3069 1
40 3074 1
111 3076 1
221 3076 1
103 3079 1
111 3079 1
151 3079 1
94 3087 1
137 3090 1
328 3093 1
40 3098 1
86 3100 1
159 3100 1
297 3105 1
300 3108 1
75 3110 1
137 3110 1
218 3112 1
137 3118 1
75 3119 1
86 3119 1
94 3119 1
96 3119 1
109 3119 1
136 3119 1
198 3119 1
33 3120 1
108 3120 1
137 3120 1
273 3120 1
221 3125 1
221 3127 1
21 3130 1
110 3131 1
70 3132 1
86 3132 1
120 3132 1
167 3132 1
75 3138 1
103 3140 1
111 3140 1
151 3140 1
153 3140 1
61 3141 1
157 3141 1
218 3141 1
288 3141 1
315 3141 1
93 3143 1
21 3150 1
223 3150 1
137 3154 1
18 3158 1
60 3158 1
142 3158 1
216 3158 1
21 3160 1
13 3168 1
75 3168 1
109 3168 1
137 3168 1
211 3168 1
232 3168 1
75 3170 1
223 3173 1
21 3174 1
100 3174 1
109 3174 1
211 3175 1
222 3179 1
318 3179 1
10 3182 1
86 3182 1
109 3182 1
210 3182 1
223 3182 1
232 3182 1
70 3186 1
120 3186 1
142 3186 1
21 3189 1
100 3189 1
103 3189 1
111 3189 1
151 3189 1
218 3189 1
14 3191 1
86 3192 1
157 3192 1
315 3192 1
223 3195 1
137 3202 1
297 3202 1
244 3204 1
110 3207 1
111 3208 1
21 3212 1
60 3212 1
142 3212 1
143 3212 1
221 3212 1
257 3212 1
299 3212 1
103 3213 1
103 3214 1
151 3214 1
33 3219 1
60 3221 1
275 3221 1
0 3222 1
67 3222 1
97 3222 1
138 3222 1
218 3229 1
137 3231 1
121 3233 1
204 3233 1
223 3233 1
297 3237 1
153 3239 1
257 3244 1
272 3244 1
159 3245 1
223 3245 1
222 3246 1
318 3246 1
40 3247 1
75 3247 1
121 3247 1
204 3247 1
287 3247 1
297 3247 1
137 3248 1
97 3250 1
222 3257 1
318 3257 1
0 3258 1
70 3258 1
75 3259 1
108 3260 1
278 3261 1
100 3262 1
151 3262 1
170 3262 1
40 3267 1
116 3269 1
246 3269 1
302 3269 1
0 3271 1
70 3271 1
111 3271 1
151 3271 1
153 3271 1
137 3276 1
40 3279 1
116 3281 1
40 3283 1
61 3287 1
109 3287 1
135 3287 1
211 3287 1
300 3289 1
137 3293 1
10 3299 1
195 3299 1
44 3305 1
137 3306 1
255 3306 1
103 3308 1
151 3308 1
326 3308 1
137 3311 1
159 3311 1
297 3314 1
75 3315 1
110 3322 1
135 3323 1
0 3325 1
75 3325 1
97 3325 1
103 3325 1
111 3325 1
151 3325 1
171 3325 1
116 3333 1
0 3338 1
21 3338 1
46 3338 1
94 3338 1
97 3338 1
111 3338 1
138 3338 1
142 3338 1
151 3338 1
153 3338 1
170 3338 1
171 3338 1
218 3338 1
275 3338 1
126 3346 1
223 3346 1
93 3348 1
75 3356 1
137 3357 1
40 3360 1
103 3362 1
151 3362 1
213 3362 1
278 3365 1
101 3367 1
126 3367 1
211 3367 1
272 3367 1
301 3367 1
103 3371 1
288 3372 1
103 3375 1
86 3382 1
111 3382 1
100 3389 1
218 3389 1
40 3390 1
123 3392 1
300 3392 1
0 3393 1
97 3393 1
171 3393 1
218 3395 1
120 3397 1
142 3397 1
137 3399 1
146 3401 1
198 3401 1
223 3401 1
210 3404 1
332 3404 1
116 3406 1
159 3409 1
332 3410 1
116 3412 1
246 3412 1
93 3413 1
93 3419 1
137 3420 1
218 3420 1
137 3421 1
137 3423 1
159 3424 1
108 3426 1
297 3428 1
103 3433 1
96 3435 1
96 3436 1
94 3438 1
21 3439 1
67 3439 1
86 3439 1
116 3439 1
170 3439 1
210 3439 1
110 3447 1
33 3448 1
116 3448 1
218 3448 1
273 3448 1
302 3448 1
120 3451 1
40 3452 1
301 3458 1
40 3460 1
0 3468 1
97 3468 1
103 3468 1
111 3468 1
138 3468 1
151 3468 1
221 3468 1
226 3468 1
125 3471 1
0 3474 1
86 3474 1
100 3474 1
234 3474 1
253 3474 1
137 3478 1
40 3479 1
201 3479 1
278 3479 1
223 3480 1
75 3481 1
146 3481 1
211 3481 1
61 3482 1
288 3482 1
315 3482 1
70 3485 1
120 3485 1
142 3485 1
10 3486 1
86 3486 1
109 3486 1
210 3486 1
223 3486 1
232 3486 1
70 3487 1
108 3487 1
326 3487 1
300 3490 1
137 3491 1
223 3500 1
0 3503 1
97 3503 1
70 3506 1
223 3508 1
21 3511 1
40 3511 1
103 3511 1
120 3511 1
151 3511 1
226 3511 1
257 3511 1
70 3513 1
103 3513 1
108 3513 1
111 3513 1
151 3513 1
110 3515 1
257 3517 1
108 3525 1
40 3528 1
301 3535 1
137 3537 1
64 3544 1
75 3550 1
40 3553 1
75 3554 1
297 3555 1
109 3556 1
223 3565 1
70 3574 1
142 3574 1
40 3578 1
318 3580 1
195 3586 1
14 3587 1
44 3587 1
60 3587 1
86 3587 1
94 3587 1
103 3587 1
111 3587 1
138 3587 1
142 3587 1
151 3587 1
153 3587 1
170 3587 1
226 3587 1
275 3587 1
142 3590 1
40 3591 1
223 3591 1
21 3594 1
109 3594 1
220 3594 1
223 3594 1
14 3599 1
44 3599 1
86 3599 1
100 3599 1
170 3599 1
75 3601 1
137 3601 1
0 3605 1
10 3605 1
97 3605 1
142 3607 1
40 3610 1
116 3611 1
109 3613 1
121 3613 1
204 3613 1
223 3613 1
40 3616 1
67 3618 1
221 3618 1
0 3620 1
13 3620 1
49 3620 1
257 3620 1
291 3620 1
326 3620 1
86 3621 1
110 3621 1
116 3621 1
246 3621 1
302 3621 1
0 3624 1
97 3624 1
171 3624 1
61 3626 1
220 3626 1
101 3627 1
49 3632 1
75 3632 1
223 3632 1
40 3636 1
108 3638 1
120 3639 1
142 3639 1
60 3643 1
85 3646 1
109 3650 1
223 3650 1
137 3654 1
75 3655 1
103 3655 1
96 3659 1
40 3660 1
75 3660 1
288 3660 1
70 3665 1
49 3668 1
75 3668 1
326 3673 1
40 3674 1
40 3676 1
220 3678 1
222 3678 1
67 3682 1
93 3682 1
170 3682 1
223 3686 1
10 3688 1
210 3700 1
86 3710 1
137 3711 1
28 3712 1
40 3712 1
138 3712 1
40 3713 1
0 3715 1
97 3715 1
40 3718 1
328 3718 1
21 3722 1
86 3722 1
111 3722 1
138 3722 1
151 3722 1
220 3722 1
86 3731 1
170 3731 1
211 3731 1
159 3734 1
70 3738 1
108 3738 1
326 3738 1
64 3740 1
137 3740 1
278 3740 1
40 3745 1
137 3750 1
288 3753 1
295 3758 1
138 3759 1
137 3762 1
33 3763 1
273 3763 1
40 3767 1
21 3768 1
223 3769 1
300 3770 1
40 3771 1
40 3773 1
318 3776 1
40 3778 1
116 3784 1
218 3784 1
218 3787 1
61 3791 1
157 3791 1
46 3792 1
67 3792 1
170 3792 1
40 3793 1
159 3793 1
222 3794 1
318 3794 1
44 3795 1
116 3802 1
135 3802 1
223 3802 1
49 3806 1
75 3806 1
146 3806 1
257 3806 1
110 3808 1
211 3811 1
18 3813 1
222 3813 1
318 3813 1
70 3814 1
0 3820 1
156 3820 1
44 3822 1
100 3822 1
109 3822 1
33 3825 1
222 3825 1
318 3825 1
323 3825 1
137 3826 1
297 3826 1
116 3827 1
0 3830 1
10 3833 1
175 3833 1
40 3836 1
275 3837 1
44 3838 1
137 3839 1
222 3842 1
157 3847 1
290 3850 1
146 3855 1
198 3855 1
223 3855 1
40 3856 1
0 3861 1
137 3863 1
318 3864 1
323 3864 1
170 3865 1
273 3865 1
223 3870 1
301 3870 1
211 3871 1
137 3872 1
223 3873 1
326 3879 1
137 3880 1
75 3881 1
40 3882 1
218 3885 1
94 3891 1
96 3891 1
135 3891 1
211 3892 1
137 3896 1
94 3901 1
257 3901 1
159 3907 1
94 3909 1
223 3909 1
159 3911 1
94 3913 1
125 3913 1
198 3913 1
10 3917 1
75 3917 1
86 3917 1
100 3917 1
210 3917 1
218 3917 1
137 3922 1
61 3923 1
94 3923 1
135 3923 1
223 3923 1
315 3923 1
110 3927 1
13 3934 1
14 3934 1
21 3934 1
44 3934 1
86 3934 1
100 3934 1
110 3934 1
272 3934 1
85 3935 1
75 3936 1
135 3937 1
211 3937 1
223 3937 1
222 3941 1
318 3941 1
137 3942 1
211 3943 1
255 3943 1
14 3944 1
111 3944 1
67 3954 1
93 3954 1
170 3954 1
0 3955 1
70 3955 1
97 3955 1
111 3955 1
120 3955 1
151 3955 1
171 3955 1
211 3955 1
14 3959 1
111 3959 1
103 3963 1
111 3963 1
151 3963 1
249 3963 1
0 3964 1
13 3965 1
67 3965 1
86 3965 1
110 3965 1
272 3965 1
111 3966 1
222 3966 1
257 3966 1
291 3966 1
49 3973 1
75 3973 1
61 3974 1
69 3974 1
14 3976 1
110 3976 1
137 3980 1
125 3981 1
223 3982 1
75 3983 1
60 3986 1
70 3986 1
137 3986 1
142 3986 1
167 3986 1
125 3987 1
49 3988 1
75 3988 1
85 3991 1
108 3991 1
135 3991 1
159 3993 1
211 3995 1
14 3996 1
116 3996 1
218 3996 1
301 4001 1
86 4009 1
223 4011 1
297 4014 1
137 4016 1
153 4018 1
226 4018 1
75 4021 1
10 4022 1
297 4024 1
175 4027 1
223 4027 1
10 4028 1
210 4028 1
218 4028 1
10 4032 1
210 4032 1
75 4033 1
223 4033 1
109 4035 1
137 4035 1
223 4035 1
318 4040 1
86 4042 1
0 4048 1
97 4048 1
111 4048 1
151 4048 1
171 4048 1
75 4050 1
108 4050 1
297 4050 1
67 4054 1
75 4054 1
222 4054 1
323 4054 1
0 4058 1
103 4058 1
111 4058 1
151 4058 1
153 4058 1
171 4058 1
137 4059 1
40 4063 1
40 4064 1
137 4064 1
300 4065 1
297 4071 1
40 4076 1
137 4076 1
13 4079 1
75 4079 1
109 4079 1
137 4079 1
211 4079 1
232 4079 1
75 4085 1
120 4085 1
142 4085 1
222 4087 1
318 4087 1
49 4091 1
75 4091 1
210 4093 1
170 4096 1
297 4096 1
273 4100 1
116 4102 1
216 4110 1
159 4114 1
297 4122 1
67 4126 1
221 4126 1
111 4133 1
96 4139 1
67 4140 1
93 4140 1
222 4149 1
318 4149 1
323 4149 1
40 4151 1
137 4154 1
21 4159 1
300 4161 1
137 4162 1
315 4162 1
0 4163 1
70 4163 1
75 4163 1
97 4163 1
108 4163 1
137 4163 1
49 4167 1
75 4167 1
146 4167 1
294 4167 1
0 4169 1
97 4169 1
85 4171 1
108 4171 1
135 4171 1
14 4175 1
44 4175 1
60 4175 1
86 4175 1
94 4175 1
103 4175 1
111 4175 1
138 4175 1
142 4175 1
151 4175 1
153 4175 1
170 4175 1
226 4175 1
275 4175 1
221 4179 1
110 4182 1
275 4182 1
13 4185 1
257 4189 1
301 4191 1
137 4193 1
10 4195 1
210 4195 1
70 4196 1
332 4198 1
75 4204 1
216 4204 1
221 4204 1
156 4206 1
137 4207 1
40 4208 1
137 4208 1
10 4213 1
60 4213 1
67 4213 1
142 4213 1
210 4213 1
211 4213 1
254 4213 1
287 4213 1
137 4216 1
49 4220 1
222 4223 1
318 4223 1
120 4225 1
142 4225 1
0 4230 1
97 4230 1
14 4232 1
116 4232 1
218 4232 1
137 4235 1
159 4235 1
14 4236 1
44 4236 1
94 4236 1
100 4236 1
110 4236 1
211 4236 1
272 4236 1
40 4237 1
40 4242 1
297 4242 1
137 4247 1
220 4247 1
221 4247 1
297 4247 1
40 4257 1
13 4259 1
96 4259 1
170 4259 1
40 4260 1
137 4260 1
142 4264 1
40 4265 1
75 4267 1
40 4268 1
216 4278 1
101 4280 1
126 4280 1
211 4280 1
272 4280 1
301 4280 1
14 4281 1
159 4281 1
222 4281 1
257 4283 1
40 4285 1
40 4288 1
86 4291 1
221 4291 1
10 4295 1
21 4295 1
100 4295 1
111 4295 1
175 4295 1
210 4295 1
40 4296 1
86 4297 1
60 4298 1
67 4298 1
151 4298 1
170 4298 1
75 4301 1
120 4301 1
142 4301 1
222 4302 1
318 4302 1
0 4317 1
60 4317 1
97 4317 1
111 4317 1
151 4317 1
171 4317 1
221 4317 1
40 4320 1
64 4320 1
137 4320 1
219 4321 1
103 4322 1
171 4322 1
13 4323 1
234 4323 1
108 4324 1
61 4326 1
220 4326 1
257 4330 1
75 4332 1
146 4332 1
198 4332 1
294 4332 1
300 4332 1
40 4335 1
116 4340 1
302 4340 1
318 4340 1
14 4343 1
44 4343 1
61 4345 1
157 4345 1
135 4348 1
108 4350 1
120 4353 1
223 4355 1
223 4359 1
175 4363 1
61 4374 1
75 4374 1
97 4374 1
110 4374 1
116 4374 1
135 4374 1
246 4374 1
272 4374 1
302 4374 1
315 4374 1
257 4377 1
21 4378 1
21 4380 1
120 4380 1
223 4384 1
67 4385 1
93 4385 1
170 4385 1
222 4386 1
318 4386 1
0 4388 1
226 4388 1
137 4391 1
70 4393 1
40 4397 1
67 4399 1
110 4399 1
170 4399 1
211 4399 1
257 4399 1
291 4399 1
10 4402 1
21 4402 1
100 4402 1
111 4402 1
175 4402 1
210 4402 1
297 4410 1
40 4422 1
0 4424 1
40 4424 1
97 4424 1
171 4424 1
137 4426 1
61 4427 1
14 4436 1
44 4436 1
93 4441 1
232 4441 1
297 4441 1
137 4442 1
137 4445 1
204 4448 1
75 4450 1
157 4450 1
159 4450 1
97 4453 1
222 4454 1
318 4454 1
110 4455 1
222 4455 1
110 4456 1
222 4456 1
222 4459 1
299 4460 1
332 4461 1
70 4462 1
137 4462 1
40 4463 1
21 4466 1
278 4467 1
137 4470 1
146 4471 1
167 4471 1
198 4471 1
294 4471 1
103 4472 1
159 4472 1
137 4475 1
318 4478 1
75 4479 1
108 4479 1
297 4479 1
101 4480 1
116 4480 1
318 4484 1
301 4486 1
315 4490 1
85 4491 1
137 4491 1
103 4492 1
116 4501 1
137 4501 1
137 4512 1
40 4516 1
137 4516 1
86 4522 1
100 4523 1
218 4523 1
137 4528 1
67 4529 1
170 4529 1
61 4533 1
94 4533 1
135 4533 1
223 4533 1
315 4533 1
40 4536 1
96 4536 1
116 4536 1
40 4543 1
123 4551 1
300 4551 1
222 4553 1
40 4561 1
70 4562 1
108 4562 1
96 4567 1
40 4574 1
96 4577 1
86 4579 1
218 4579 1
0 4581 1
97 4581 1
67 4582 1
93 4582 1
170 4582 1
221 4583 1
137 4587 1
93 4591 1
21 4592 1
49 4594 1
75 4594 1
318 4596 1
40 4600 1
138 4605 1
109 4606 1
223 4606 1
44 4611 1
218 4611 1
0 4624 1
97 4624 1
40 4629 1
123 4631 1
222 4632 1
318 4632 1
49 4633 1
75 4633 1
157 4633 1
288 4633 1
249 4634 1
40 4635 1
21 4640 1
109 4640 1
110 4640 1
159 4640 1
257 4640 1
301 4640 1
0 4643 1
75 4643 1
221 4644 1
96 4646 1
116 4650 1
67 4653 1
170 4653 1
13 4656 1
14 4656 1
21 4656 1
44 4656 1
46 4656 1
100 4656 1
151 4656 1
157 4656 1
272 4656 1
93 4657 1
0 4659 1
86 4659 1
97 4659 1
111 4659 1
151 4659 1
171 4659 1
14 4661 1
111 4661 1
103 4667 1
159 4667 1
221 4669 1
33 4678 1
86 4678 1
136 4678 1
213 4678 1
40 4681 1
96 4684 1
103 4685 1
151 4685 1
49 4687 1
40 4690 1
170 4690 1
218 4690 1
94 4707 1
10 4710 1
33 4710 1
46 4710 1
142 4710 1
210 4710 1
218 4710 1
273 4710 1
159 4711 1
297 4711 1
13 4714 1
46 4714 1
60 4714 1
86 4714 1
110 4714 1
135 4714 1
142 4714 1
159 4715 1
96 4721 1
137 4721 1
175 4722 1
318 4722 1
323 4722 1
70 4725 1
230 4725 1
287 4726 1
40 4731 1
300 4731 1
135 4735 1
318 4735 1
0 4737 1
70 4737 1
75 4737 1
97 4737 1
108 4737 1
137 4737 1
40 4741 1
40 4742 1
328 4742 1
10 4744 1
210 4744 1
0 4745 1
40 4745 1
94 4745 1
97 4745 1
75 4748 1
134 4748 1
159 4748 1
220 4748 1
40 4750 1
96 4750 1
116 4750 1
61 4753 1
109 4753 1
135 4753 1
211 4753 1
86 4757 1
0 4763 1
97 4763 1
159 4764 1
244 4764 1
94 4767 1
223 4767 1
326 4770 1
116 4775 1
137 4775 1
255 4776 1
223 4782 1
10 4795 1
110 4795 1
116 4795 1
123 4795 1
210 4795 1
272 4795 1
137 4801 1
211 4802 1
75 4805 1
70 4820 1
103 4820 1
111 4820 1
151 4820 1
153 4820 1
97 4821 1
103 4821 1
111 4821 1
120 4821 1
151 4821 1
153 4821 1
171 4821 1
226 4821 1
222 4823 1
318 4823 1
101 4825 1
213 4827 1
93 4833 1
170 4833 1
0 4834 1
97 4834 1
318 4836 1
175 4839 1
318 4839 1
323 4839 1
137 4847 1
159 4847 1
94 4850 1
257 4850 1
257 4857 1
137 4858 1
153 4866 1
230 4868 1
137 4869 1
14 4870 1
218 4870 1
137 4871 1
96 4873 1
137 4875 1
75 4878 1
273 4878 1
40 4880 1
221 4880 1
110 4882 1
157 4883 1
326 4885 1
40 4892 1
223 4892 1
300 4892 1
40 4893 1
297 4893 1
86 4895 1
40 4898 1
120 4899 1
137 4903 1
14 4906 1
108 4906 1
111 4906 1
137 4911 1
75 4913 1
86 4913 1
49 4923 1
318 4929 1
85 4930 1
33 4936 1
210 4936 1
40 4941 1
318 4945 1
257 4947 1
318 4949 1
120 4955 1
272 4955 1
40 4958 1
97 4958 1
0 4961 1
97 4961 1
103 4961 1
111 4961 1
120 4961 1
151 4961 1
0 4968 1
40 4968 1
70 4968 1
97 4968 1
108 4968 1
111 4968 1
120 4968 1
142 4968 1
167 4968 1
210 4968 1
159 4971 1
94 4974 1
136 4974 1
218 4978 1
49 4980 1
111 4982 1
221 4982 1
67 4983 1
300 4984 1
137 4985 1
103 4986 1
151 4986 1
0 4996 1
14 4996 1
44 4996 1
86 4996 1
100 4996 1
110 4996 1
272 4996 1
318 4996 1
170 5001 1
61 5003 1
75 5003 1
97 5003 1
110 5003 1
116 5003 1
135 5003 1
246 5003 1
272 5003 1
302 5003 1
315 5003 1
103 5009 1
120 5009 1
142 5009 1
151 5009 1
198 5010 1
49 5012 1
75 5012 1
67 5013 1
120 5013 1
170 5013 1
221 5013 1
222 5014 1
318 5014 1
170 5018 1
40 5019 1
49 5019 1
75 5019 1
40 5020 1
223 5020 1
300 5020 1
84 5029 1
151 5031 1
159 5031 1
10 5044 1
21 5044 1
218 5044 1
0 5048 1
97 5048 1
111 5048 1
171 5048 1
221 5049 1
137 5052 1
40 5060 1
120 5061 1
40 5062 1
40 5064 1
93 5065 1
86 5066 1
67 5067 1
67 5072 1
211 5072 1
221 5072 1
257 5077 1
94 5081 1
146 5083 1
294 5083 1
301 5083 1
108 5089 1
328 5091 1
159 5092 1
222 5092 1
0 5096 1
13 5096 1
14 5096 1
21 5096 1
60 5096 1
70 5096 1
86 5096 1
138 5096 1
221 5096 1
137 5098 1
157 5103 1
75 5105 1
146 5105 1
198 5105 1
294 5105 1
300 5105 1
210 5106 1
0 5107 1
70 5107 1
213 5109 1
275 5109 1
137 5113 1
223 5113 1
157 5114 1
218 5114 1
14 5119 1
218 5119 1
110 5122 1
0 5123 1
40 5123 1
136 5123 1
297 5124 1
137 5129 1
40 5130 1
170 5132 1
223 5136 1
137 5140 1
137 5143 1
137 5146 1
14 5150 1
159 5150 1
318 5150 1
210 5155 1
223 5159 1
110 5164 1
111 5164 1
151 5164 1
40 5165 1
40 5166 1
137 5167 1
195 5177 1
75 5184 1
146 5184 1
198 5184 1
294 5184 1
256 5187 1
326 5187 1
84 5188 1
21 5189 1
13 5194 1
46 5194 1
60 5194 1
86 5194 1
110 5194 1
135 5194 1
142 5194 1
60 5199 1
221 5199 1
125 5210 1
221 5210 1
103 5212 1
151 5212 1
326 5212 1
86 5220 1
111 5221 1
151 5221 1
170 5221 1
218 5221 1
226 5221 1
75 5224 1
157 5224 1
159 5224 1
175 5231 1
60 5233 1
70 5233 1
137 5233 1
142 5233 1
167 5233 1
75 5234 1
116 5234 1
142 5234 1
246 5234 1
302 5234 1
40 5237 1
108 5237 1
75 5239 1
300 5242 1
